x,y,angle
573,89,240,573,89,240,573,89,240
573,89,233
571,88,225
571,89,210
571,89,191
-1,-1,-1
571,91,166
573,92,161
573,93,135
574,93,117,573,89,120
-1,-1,-1
572,97,117
568,103,120
565,110,117
-1,-1,-1
553,132,117
-1,-1,-1
546,145,112
542,152,112
539,160,117
535,167,117
531,174,120
-1,-1,-1
523,188,112
519,195,112
515,202,112
512,209,120
-1,-1,-1
504,223,120
501,229,120
501,229,117,503,211,120
-1,-1,-1
501,229,120
-1,-1,-1
498,234,117
-1,-1,-1
491,248,117
487,255,117
483,262,117
479,268,112
475,276,117
472,283,117
468,290,117
-1,-1,-1
460,304,112
456,311,112
453,317,120,457,292,120
-1,-1,-1
452,319,128
451,318,142
450,318,158
449,317,176
449,316,191,457,292,187
449,315,186
-1,-1,-1
439,314,191
432,313,191
424,312,191
415,311,191
407,310,186
399,309,191
-1,-1,-1
383,307,182
375,306,186
367,305,196
359,304,196
351,303,199
343,302,191
-1,-1,-1
276,293,196
268,292,213
-1,-1,-1
213,284,191
206,283,191
198,282,186
-1,-1,-1
167,278,186
-1,-1,-1
151,276,186
143,275,186
135,274,197
127,273,196
117,271,179
112,271,205
-1,-1,-1
97,269,182
-1,-1,-1
71,265,176
63,264,186
-1,-1,-1
48,262,191
-1,-1,-1
17,258,191
-1,-1,-1,48,242,187
12,253,300,48,242,301
15,249,300
18,244,300
22,237,308
27,231,310
33,222,300
38,215,308
-1,-1,-1
51,196,315
55,190,300
56,187,315,85,179,301
-1,-1,-1
56,187,289
55,187,276
-1,-1,-1
53,188,256,85,179,242
53,188,251
-1,-1,-1
52,185,248
50,180,251
47,173,245
44,165,248
41,158,248
38,151,242
35,143,251
32,136,239
29,126,248
26,119,248
23,112,256
20,104,248
17,97,248
15,90,243
-1,-1,-1,29,73,242,29,73,275
12,51,281
14,41,281
15,36,276,32,40,275
15,36,281
14,36,272
14,36,254
13,37,240
12,37,225
12,38,210
12,39,196
12,40,180
12,41,161
-1,-1,-1
14,43,117
15,43,104
16,43,90
17,42,71
17,42,75,32,40,63
17,42,71
18,43,63
20,50,75
-1,-1,-1
22,55,67
26,64,71
27,69,67
31,78,71
34,86,63
36,93,73
39,100,71
41,105,71
45,115,71
47,122,71
50,129,68
53,136,71
53,139,75,76,128,63
53,139,71
-1,-1,-1
53,139,79
52,140,98
51,139,109
50,139,128,76,128,122
50,139,135
50,139,131
48,142,123
44,147,128
41,151,128
36,158,124
29,166,128
25,172,121
20,178,124
-1,-1,-1
12,188,117,45,178,122
12,188,128
13,188,120
14,188,98
14,188,84
15,188,71
16,187,52,45,178,44
16,187,38
16,187,45
17,189,66
21,193,48
26,199,56
-1,-1,-1
53,230,45
56,234,45
63,242,45
-1,-1,-1
82,265,52
87,271,45
92,277,45
98,283,52
-1,-1,-1
113,301,38
118,306,45
-1,-1,-1
129,318,53
134,325,43
-1,-1,-1
145,337,45
149,343,58
-1,-1,-1
160,354,38
165,360,38
-1,-1,-1
176,372,38
183,380,38
-1,-1,-1
194,391,52
199,397,45
204,403,36
209,409,38
214,415,45
220,420,45
225,426,45
231,432,45
236,438,45
-1,-1,-1
247,450,38
250,453,37,286,408,44
251,454,45
251,453,37
252,452,11
251,451,355
251,450,341
250,449,330,286,408,324
252,448,323
257,444,330
264,440,315
-1,-1,-1
276,430,330
285,424,322
291,419,330
298,415,323
305,410,323
-1,-1,-1
317,401,323
324,396,322
-1,-1,-1
349,377,330
356,372,322
-1,-1,-1,396,327,324
370,362,323
-1,-1,-1
370,362,315
369,362,307
368,361,297,396,327,290
368,361,289
370,357,284
371,352,289
-1,-1,-1
379,327,284
382,319,284
384,311,289
387,304,284
389,296,292
392,288,284
395,280,284
397,273,292
-1,-1,-1
402,258,292
405,250,284
408,242,284
410,234,297
-1,-1,-1
416,219,284
418,211,289
-1,-1,-1
424,194,284
426,189,284
429,181,281
431,174,292
-1,-1,-1
437,156,284
438,152,284,465,136,290
438,152,292
439,151,300
-1,-1,-1
441,155,14,465,136,23
445,157,11
-1,-1,-1
467,164,6
474,166,14
482,168,14
-1,-1,-1
497,173,5
-1,-1,-1
513,177,14
523,181,8
-1,-1,-1
540,186,6
547,188,14
555,190,14
562,192,14
570,195,14
578,198,6
586,200,11
594,203,6
602,205,14
609,207,14
612,209,18,614,200,23
-1,-1,-1
612,209,14
-1,-1,-1
611,211,63
610,211,71
609,212,85
609,211,106
607,211,122
607,211,120,614,200,128
606,213,117
603,218,117
599,224,117
595,231,109
590,237,120
587,244,128
-1,-1,-1
577,258,120
573,265,116
-1,-1,-1
564,278,118
560,285,120
555,291,120
551,298,128
548,304,117,550,281,128
547,306,120
547,306,117
548,305,101
549,305,79,550,281,83
-1,-1,-1
551,311,74
553,319,71
555,327,71
-1,-1,-1
559,343,71
561,351,71
-1,-1,-1
576,407,71
-1,-1,-1
581,425,71
583,433,71
-1,-1,-1
587,449,71
590,457,71
591,462,74,568,425,83
592,463,74
592,463,71
592,463,68
593,463,60
-1,-1,-1
593,461,27
-1,-1,-1
593,459,355
-1,-1,-1,568,425,353
597,457,346
-1,-1,-1
613,454,341
-1,-1,-1,592,422,353
619,452,346
-1,-1,-1
619,452,338
618,451,322
617,451,307
616,451,284
615,451,275
-1,-1,-1
613,452,256
613,452,225,592,422,233
-1,-1,-1
613,453,222
613,452,225
611,450,225
606,446,225
600,440,225
594,434,240
-1,-1,-1
577,416,225
571,410,232
-1,-1,-1
560,398,225
554,392,225
548,386,225
-1,-1,-1
537,375,233,533,345,233
537,373,225
537,373,233
-1,-1,-1
539,372,256
539,372,275
-1,-1,-1
541,372,292,533,345,303
541,373,292
-1,-1,-1
543,367,300
547,361,292
551,354,292
555,347,292
558,340,292
562,333,292
565,325,304
569,318,292
573,311,292
-1,-1,-1
586,284,292
-1,-1,-1
593,269,297
-1,-1,-1
601,254,292
-1,-1,-1
608,240,300
612,233,292
615,227,292,614,220,303
615,226,304
615,226,300
615,226,297
614,226,284
613,226,259
613,226,251,614,220,256
613,226,243
612,225,251
-1,-1,-1
608,213,248
605,206,256
-1,-1,-1
599,190,248
597,182,248
594,175,256
591,168,256
589,160,243
586,153,248
-1,-1,-1
581,137,243
577,129,251
574,122,256
571,114,251
569,107,256
566,99,248
563,92,256
561,84,248
557,74,256
555,69,256
551,59,256
550,54,256
547,47,256
-1,-1,-1
542,34,251,569,39,256
542,34,240
541,35,222
541,36,210
541,37,199
541,38,190
-1,-1,-1,569,39,175
536,39,166
530,41,175
-1,-1,-1
515,44,174
507,46,174
496,48,166
-1,-1,-1
475,52,169
464,55,166
-1,-1,-1
449,58,169
441,59,161
-1,-1,-1
426,63,161
418,65,164
410,67,164
402,69,161
395,71,169
-1,-1,-1
372,77,164
-1,-1,-1
349,83,164
-1,-1,-1
331,88,164
326,89,164
316,92,164
-1,-1,-1
300,96,161
293,98,158
-1,-1,-1
261,107,132
254,109,164
-1,-1,-1
232,116,169
225,118,147
217,120,166
209,122,153
201,125,166
-1,-1,-1
187,129,166
179,131,161
172,133,161
165,135,164,208,70,175
161,136,160
-1,-1,-1
161,136,166
161,135,191
161,134,199
161,133,204
161,133,227
-1,-1,-1,208,70,286
164,131,270
164,128,276
-1,-1,-1
165,115,270
165,107,270
165,99,276
166,92,270
166,84,275
167,76,265
167,68,270
167,60,270
167,52,272
168,42,270
168,39,270
168,37,270,232,0,286
168,37,281
169,37,284
170,37,300
170,37,305
-1,-1,-1
172,40,6
172,40,19
172,41,30,232,0,54
171,41,30
173,42,38
178,46,38
184,50,38
190,55,38
195,59,30
201,64,39
209,70,41
213,73,30
221,79,30
227,84,41
234,89,34
240,93,38
244,96,38
-1,-1,-1
264,112,30
270,117,31
276,122,55
-1,-1,-1
289,131,25
-1,-1,-1
302,140,34
308,145,38
-1,-1,-1
326,160,27
-1,-1,-1
339,169,30
345,174,30
352,179,38
-1,-1,-1
364,188,30
-1,-1,-1
384,204,34
392,209,38
398,214,22
405,218,30
-1,-1,-1
424,232,22
431,236,30
437,241,30
-1,-1,-1
451,250,22
-1,-1,-1
464,258,27
-1,-1,-1,439,280,54
472,263,22
471,263,30
-1,-1,-1
470,264,60
-1,-1,-1
468,265,98,439,280,123
468,265,114
-1,-1,-1
468,267,104
467,273,98
466,280,96
-1,-1,-1
464,295,96
463,304,98
462,311,112
-1,-1,-1
460,324,98,409,325,123
460,324,85
460,324,90
460,324,109
459,323,120
458,323,130
457,323,150
-1,-1,-1
456,320,199
456,319,202,409,325,232
456,319,210
452,317,202
446,314,202
439,311,210
-1,-1,-1
424,304,210
417,301,191
410,297,203
402,294,202
395,290,202
388,287,210
380,283,202
373,280,210
365,276,199
358,273,210
351,269,201
-1,-1,-1
322,256,202
-1,-1,-1
261,227,202
-1,-1,-1
247,220,202
-1,-1,-1
232,213,199
225,210,180
218,207,202
212,203,200
204,200,207
197,197,202
-1,-1,-1
183,190,210
-1,-1,-1
169,183,210
164,181,210,227,89,232
164,181,202
164,181,211
164,180,218
-1,-1,-1
166,179,251
-1,-1,-1
167,178,281
168,179,284
169,179,300,227,89,343
169,179,315
-1,-1,-1
170,178,315
174,174,315
179,168,315
185,162,315
190,156,315
196,150,308
-1,-1,-1
212,134,308
217,128,315
222,123,305
-1,-1,-1
256,86,308
261,80,315
-1,-1,-1
277,62,308
282,56,315
287,51,307
-1,-1,-1
296,42,315,395,38,343
297,41,308
297,42,323
297,42,341
297,43,349
297,44,0
297,45,36,395,38,63
297,45,30
298,46,22
304,49,30
311,53,22
318,57,22
325,61,22
332,64,30
-1,-1,-1
345,72,23
352,76,22
359,79,30
366,83,22
-1,-1,-1
387,95,15
393,98,27
-1,-1,-1
407,106,19
414,110,22
421,114,22
428,117,30
435,121,30
442,125,30
449,129,30
456,133,22
-1,-1,-1
470,140,30
479,145,27
486,149,27
494,153,22
501,157,22
508,160,30
-1,-1,-1
522,168,22
529,172,19
536,176,14
543,179,14
550,183,14
557,186,22
565,190,22
572,194,14
580,197,22
587,201,22
593,204,22,535,316,63
-1,-1,-1
597,206,22
-1,-1,-1
596,207,30
596,208,63
595,208,71
595,208,84,535,316,123
595,209,84
595,213,82
595,219,79
-1,-1,-1
598,235,82
599,243,82
-1,-1,-1
601,258,74
603,266,82
-1,-1,-1
605,282,82
-1,-1,-1
607,298,71
609,306,74
611,314,84
612,323,82
613,331,82
615,338,84
616,347,82
617,355,71
618,363,82
-1,-1,-1
622,382,76
623,387,74
-1,-1,-1
625,400,74,440,464,123
-1,-1,-1
625,401,74
-1,-1,-1
624,401,109,440,464,150
623,401,104
624,401,109
-1,-1,-1